2
5
32767 3 8 32767 -4 
32767 32767 32767 1 7 
32767 4 32767 32767 32767 
2 32767 -5 32767 32767 
32767 32767 32767 6 32767 
0 3 8 32767 -4 
32767 0 32767 1 7 
32767 4 0 32767 32767 
2 5 -5 0 -2 
32767 32767 32767 6 0 
0 3 8 4 -4 
32767 0 32767 1 7 
32767 4 0 5 11 
2 5 -5 0 -2 
32767 32767 32767 6 0 
0 3 8 4 -4 
32767 0 32767 1 7 
32767 4 0 5 11 
2 -1 -5 0 -2 
32767 32767 32767 6 0 
0 3 -1 4 -4 
3 0 -4 1 -1 
7 4 0 5 3 
2 -1 -5 0 -2 
8 5 1 6 0 
0 1 -3 2 -4 
3 0 -4 1 -1 
7 4 0 5 3 
2 -1 -5 0 -2 
8 5 1 6 0 
1
1 5 4 3 2
1 5 4 3
1 5 4
1 5
2 4 1
2
2 4 3
2 4
2 4 1 5
3 2 4 1
3 2
3
3 2 4
3 2 4 1 5
4 1
4 3 2
4 3
4
4 1 5
5 4 1
5 4 3 2
5 4 3
5 4
5
5
32767 3 8 32767 -4 
32767 32767 32767 1 7 
32767 4 32767 32767 32767 
2 32767 -5 32767 32767 
32767 32767 32767 32767 32767 
0 3 8 32767 -4 
32767 0 32767 1 7 
32767 4 0 32767 32767 
2 5 -5 0 -2 
32767 32767 32767 32767 0 
0 3 8 4 -4 
32767 0 32767 1 7 
32767 4 0 5 11 
2 5 -5 0 -2 
32767 32767 32767 32767 0 
0 3 8 4 -4 
32767 0 32767 1 7 
32767 4 0 5 11 
2 -1 -5 0 -2 
32767 32767 32767 32767 0 
0 3 -1 4 -4 
3 0 -4 1 -1 
7 4 0 5 3 
2 -1 -5 0 -2 
32767 32767 32767 32767 0 
0 3 -1 4 -4 
3 0 -4 1 -1 
7 4 0 5 3 
2 -1 -5 0 -2 
32767 32767 32767 32767 0 
1
1 2
1 2 4 3
1 2 4
1 5
2 4 1
2
2 4 3
2 4
2 4 1 5
3 2 4 1
3 2
3
3 2 4
3 2 4 1 5
4 1
4 3 2
4 3
4
4 1 5
NULL
NULL
NULL
NULL
5
